converged: true
initial_cost_per_obs: 120.8727430789248
final_cost_per_obs: 13.21180907969589
target_mount_to_target_pos:
  x: 0.4647141739981325
  y: -0.003483701264489441
  z: 0.007430936815907034
camera_mount_to_camera_pos:
  x: 0.07288307005735266
  y: 0.09157717170942331
  z: 0.03426956523897963
target_mount_to_target_rpy:
  x: -3.135047295616963
  y: -3.12895656828394
  z: 3.092589187589704
camera_mount_to_camera_rpy:
  x: -0.001721877932281843
  y: 0.002702986231743623
  z: 2.413818215249289